 659937 1
 287119 2
 174549 3
 124397 4
  84528 5
  62158 6
  47426 7
  37131 8
  30143 9
  24178 10
  20128 11
  16648 12
  14535 13
  12129 14
  10624 15
   9108 16
   8144 17
   7103 18
   6229 19
   5418 20
   4983 21
   4430 22
   3906 23
   3622 24
   3320 25
   2883 26
   2592 27
   2326 28
   2228 29
   1983 30
   1853 31
   1650 32
   1527 33
   1390 34
   1268 35
   1178 36
   1140 37
   1069 38
    959 39
    909 40
    853 41
    736 42
    719 43
    663 44
    636 45
    591 46
    571 47
    502 48
    444 51
    430 49
    417 50
    350 53
    346 54
    346 52
    287 55
    279 56
    271 57
    266 58
    253 60
    243 59
    235 61
    209 62
    201 66
    191 65
    191 64
    189 63
    157 67
    147 69
    145 72
    143 68
    127 70
    121 71
    115 76
    111 74
    105 73
    104 81
    102 75
     88 77
     87 82
     87 78
     85 79
     83 86
     82 84
     78 85
     75 80
     70 83
     68 90
     65 88
     63 87
     62 92
     55 98
     55 89
     49 95
     49 94
     47 93
     46 99
     46 96
     43 97
     43 111
     42 100
     38 91
     38 108
     37 106
     36 109
     33 104
     33 103
     33 101
     32 116
     32 113
     31 115
     29 114
     29 110
     28 112
     28 105
     28 102
     23 126
     23 122
     22 131
     21 133
     20 127
     20 124
     20 123
     20 107
     19 125
     19 117
     18 142
     18 119
     17 153
     16 137
     16 121
     15 164
     15 145
     15 118
     14 144
     14 129
     13 173
     13 146
     13 139
     13 128
     12 172
     12 148
     12 136
     11 168
     11 156
     11 138
     11 130
     10 190
     10 134
      9 180
      9 175
      9 171
      9 166
      9 157
      9 149
      9 143
      9 140
      9 135
      8 218
      8 197
      8 178
      8 165
      8 159
      8 147
      8 120
      7 206
      7 196
      7 170
      7 132
      6 203
      6 194
      6 167
      6 162
      6 160
      6 155
      6 151
      5 277
      5 262
      5 241
      5 215
      5 214
      5 213
      5 204
      5 195
      5 193
      5 189
      5 188
      5 186
      5 181
      5 176
      5 169
      5 158
      5 152
      4 317
      4 295
      4 279
      4 260
      4 238
      4 232
      4 227
      4 202
      4 201
      4 199
      4 185
      4 183
      4 182
      4 179
      4 177
      4 174
      4 161
      4 154
      3 944
      3 725
      3 510
      3 503
      3 475
      3 410
      3 289
      3 263
      3 261
      3 239
      3 225
      3 221
      3 211
      3 207
      3 198
      3 187
      3 150
      3 141
      3 1216
      2 662
      2 454
      2 450
      2 386
      2 382
      2 371
      2 363
      2 353
      2 315
      2 306
      2 305
      2 284
      2 283
      2 270
      2 269
      2 268
      2 252
      2 247
      2 246
      2 245
      2 240
      2 237
      2 229
      2 226
      2 224
      2 223
      2 220
      2 219
      2 209
      2 208
      2 205
      2 200
      2 191
      2 184
      2 1535
      1 939
      1 847
      1 835
      1 809
      1 670
      1 665
      1 615
      1 593
      1 531
      1 528
      1 526
      1 514
      1 511
      1 489
      1 485
      1 476
      1 451
      1 444
      1 438
      1 422
      1 421
      1 418
      1 400
      1 397
      1 396
      1 393
      1 392
      1 383
      1 373
      1 365
      1 364
      1 357
      1 354
      1 346
      1 345
      1 341
      1 338
      1 334
      1 333
      1 332
      1 326
      1 325
      1 323
      1 316
      1 307
      1 302
      1 300
      1 292
      1 286
      1 282
      1 281
      1 278
      1 275
      1 272
      1 271
      1 267
      1 265
      1 259
      1 256
      1 254
      1 244
      1 243
      1 235
      1 233
      1 231
      1 230
      1 228
      1 216
      1 192
      1 163
      1 1536
